260442438339323
241511885090951
248714040784480
232809535696237
149937036828517
112840911866384
80435430539469
256652103377129
264505746167858
101977958949462
153637455465943
211885208376594
67959505976117
109569795800957
190032291064289
259246169203433
57514840014362
192934932731643
217007780291195
112758184279839
232874113515812
107321349296078
87654940047933
8461338216141
176567203076098
38546105023677
165234781942082
271508911982453
218966882021318
56820964483484
173125368587423
83972392580465
140759893062485
264025732925912
3269911479032
78387054538210
200092649139470
175435137375005
40340447030429
231434916896040
139082760273907
190036407920945
128581947051277
202661351417506
111513509643042
106699978738965
146715106871743
251092383551291
129417868860513
102855120787973
98622510214034
48400535542574
34608835243896
190402018433478
171816412896464
237131929863385
185316119965340
19370621513146
197926507078047
178193185937132
269709797399237
122442058084569
252963720790049
190544700092630
88239560678137
270375601257596
143299674289752
58068299633895
171400794574415
183581048210564
28445102879024
52176805144466
55048162837663
66360780166401
87969010542894
27128665896179
78524570334994
73485180952872
113191989785087
176853609985561
181864135970743
204541204125566
94116580704046
250444828302956
165077853696481
41126119562994
44530887591621
162598595483527
274857603321191
65929246836207
9047673248059
151235457691697
31730929842895
70921136700002
226334529695198
234706689566079
251771591372621
80158227136478
274942069796979
166441083121164
91692081237353
115623043580799
194387786513967
7259783998641
211310397187367
43516066040270
3984085224517
163207314571368
174125964422278
249871997143217
50885547419731
162626745856873
8909327342099
3896069887760
24465413849997
47492790804641
115309373715793
123043863473630
269689252873425
208973570944330
281268509135299
279179717650132
227642137109370
197755379027621
132070992643530
12410775736002
76264570462001
66137504274903
70774980378524
216499340968720
211266624328774
230117343689010
255606000151113
143616456689118
234844800562666
138358847799616
250160936567027
177941689644779
40614219115437
179437518241575
136945133966026
235514386002311
162700741474687
47094477596745
246694025033612
219651635137562
267893605727227
194877607225995
35067488880079
45820904348261
272369612191239
143712391519051
171078196302345
143984607828399
178757817411602
265108860866119
93344045227986
192963585671055
162946307483057
225838222411386
216271614414163
212454231361320
235784929609718
23145120665703
131786622009978
25071989307377
225277017746145
232760867593484
115146373220628
162101221280849
110963356249395
2397532038863
217606554311146
207835593497793
8484006306562
171547033610080
167967680010530
192023237743406
50284720769518
120961923505205
86948057209438
38911670551755
48840833052991
36359335701060
139938704462343
214364496119253
74405538309406
221188535729676
71627934778891
146096086361558
216254913481220
146097901961776
1833179017642
50528330347743
79593102296712
168318210081218
92528485908656
97014788869620
255977302039260
55024137585063
242059829745592
215978352393328
151141701105086
257720596130360
37835674321262
92729259454989
159434617951295
100801733352635
186503705521300
48034796797382
263060428845052
217850320511437
167205031032811
33409213117819
244087048102259
229851167205564
34560597102100
123025410032989
6324026745898
203830824059204
209820585442575
258462862465997
161157830456461
185076002702989
201206083687821
151007930348475
66919278876553
222248851192693
130273360623105
223459693233050
222947319875039
258474607006214
11730601276197
135628770018640
79719028094977
253253023348143
223085275530162
70303071347789
70284681914915
215917532621093
199665181405837
44317622524800
85226967808484
103300200774976
173228103024981
226106043281685
76641990859586
247289552849323
190483409636358
133527986548815
163240475951018
227207440590700
8335683131056
10122831813908
170257304864249
274740075793549
65592523044586
211309757499559
102930823985849
9351935531149
14975673651137
179781295868347
148192388889232
3356589379990
31706206938805
180120089481467
169789686614525
187595333021381
166579459805501
208598902547856
148087518167311
259843465612740
38373298513122
32817806604864
260805698608889
122346825952883
159976018611170
89392610651203
195598541485968
30803566120739
261118698938700
56517974496743
234851806822074
275737791376930
99764365421919
67087205391612
232892199831181
238465848156114
16671506180014
135055949357007
151146778644655
57841110976639
152819051428567
58674662361199
167041320552491
211320516454184
946479369557
187507555705829
264563704326143
261970949310924
203556982536538
156907350571681
72515136471935
155730994646025
274240224801112
64635192984139
124726188741858
172130893021291
194285487237134
183378795242582
27406151336232
62436225430243
35011938921741
172342736465088
184704565214795
281251008246185
49917857299294
93086574177069
237215989230821
236218046086486
231551930630130
197745295812770
142441819395053
177548488987579
104072453520222
95962917523909
265081688727921
4215789469374
106322134065828
116564769616446
235805059894984
219202129720518
20261884831142
119769911644100
65543565003988
9641702100879
206368593219785
133244529830813
81593756897082
90522147793127
31410188769480
276253235108092
131336686937684
46251849183898
51991312815358
99010085067672
229690811859450
182523439540593
55249149567158
207017597276065
3585864246627
49621068549903
194370177917853
44318816073713
278800347909588
87621178873404
77586241455776
209894440268594
96369266850216
45016008515769
75908600685837
281088906194780
174715959444419
42806640262773
25314370085252
157677248615180
204981609896403
186347308989788
160716573363230
258320246555475
36149474430884
166627297813344
42003654049560
90743647469247
165328311791723
202540447003908
148361065770401
162652474297960
219159062152760
69811872110988
203793149197724
142878087402431
207969751917292
217809926816332
140684079011689
258368806731151
225193381816218
280199302994015
240493936895404
148650847058859
119898139299897
249967092103775
36467631235308
212841830093731
245901222756954
220954517933686
120050274258379
31756805698954
279801445667538
99552374923027
241987539347824
240797868738269
27579089140082
100103604205425
34672707162842
33364700366647
189809560744705
61510778623292
74548331020957
145867409076127
30680773043817
21856774415089
242977500243072
129261305520629
36064490180922
171739462327848
150049797869480
151206696100180
91347913879398
227123235317107
163180282781429
98298098168123
111595124878506
193341442620638
63545868708186
228214798494880
239953360639003
260753888901039
113115427326028
20549333326931
175405961656848
229058268527339
233008681091043
194335997198590
97342044933198
80775239594906
212966712139275
238233170365183
162098449336376
123321311801178
6473468436507
48164639960086
166622731320136
221948262123769
183872722476265
161446300556030
9053752886184
75261606663636
25478749270754
261467231520255
141981232746063
182462580180456
154680523996665
262379089250061
220053432197312
120205507285379
93680828897047
133466655160852
126225158379585
11068802459104
76302821867229
160325935013833
70759035202615
253702389005355
162111876153745
229170269010811
198469355068726
267327169086837
143435559564397
38190125576595
258797288584286
176623137542973
255844930270977
145677822965470
185974516652134
14556410317044
51696563705073
79303798541815
80060138445592
358323574181
163728123471115
143739331349022
71785114509894
92588315242542
94494546230992
71903094057944
168285532839590
7911786600419
52235450131708
224426093765921
82032038191342
235217901344592
214427187378347
10131128868530
72490660659623
197749818598943
210306945541976
133657984689000
270940948346156
145609110446481
133766185503069
205162283298395
67183519918786
198026534201276
150823959509880
97453587532977
151711629956532
18955278216784
46721740885634
147051622428910
210804495055557
138261395722138
262367375684684
33542516703830
178785616864175
47553561960147
221067406810747
154833550505103
182355947020372
177749430986981
277931723353113
94344606814062
260476057492230
59706330550409
5450425636016
252692920031578
220118373878452
5287586372909
143547288919500
234788955301526
279514607762156
281369994823400
23355391141552
5878576739582
78752978937861
43818927362701
273626221675853
169533011390729
231751531557401
258503925531663
3852942695574
57232309733506
223448616628284
69564325269811
80431895104906
21611922941661
161545198139213
219016610365239
202630028707771
91958716123741
141128402142487
270391072663569
255082926749903
186127511819152
152686836996208
147639598309136
24532601976874
78959928968512
28552528748999
223711247631511
116223673832220
131481825426434
241003263080333
119488771430312
195978705108865
42283702754857
123427787980897
163313760522896
268800736374444
78373712735471
187975546475230
110838691135091
280153345993653
41204088477360
219075798482535
126359501447374
6054803285100
55302898221579
88215247725369
153282703803104
144748010364146
134379064309241
257957865443958
130270948111558
138236982382987
141249314989034
232798513842539
280990971305257
76645091481633
211760041866897
138334674084150
122585872222303
59811586824855
20289885380621
228627348972669
173735091910816
111988435892071
269243705949619
122122400527406
146602313161049
106777722642675
246848552309865
139228396924116
171745282371317
280941370226984
118990942019781
271468798426818
224528919540760
155318672720054
92222671163427
203742741847509
218456658838498
270115309113977
215877062215838
55564355085344
138287982977766
25077325731141
139382749142844
68623333396289
246110812643061
210434896494489
163850876692716
68895655314418
34854013088871
224365851116749
47456423869801
217823512025189
265609806879265
171208358180979
258168054810476
7602906567284
93336541036263
42027505833153
38470443283195
5650147390390
258459088509938
115770478655315
5877312202275
142735944133086
248676665933744
98203640767625
124617259907574
250589920748715
291816427915
76258436860015
253237815137402
175795584832610
218348058811291
11778731010133
186435862584203
220566551548839
279270437842579
112981703521631
58134070789614
208379952879588
148098811644335
12657499903060
158905993604017
130713019744864
263060373270483
152508378237012
40891762929501
159258047390257
97964813139055
61628431118293
229573321802149
209130475724824
10598102525270
35375258232144
151901207420663
179743560274873
148245465548233
36099159913789
9868078870249
260071033344991
18932354218411
180699394912132
30622778121130
164415885711099
233593789820696
228627356684043
99125420925503
252216804350615
82568927892937
265020768832496
228011272327343
260283302050654
231740044502950
118840868392198
183101315300140
61689457364352
155369328843323
78753771878549
89197381221055
172103999058374
40713649690320
204990765043424
275492793033344
250232882520382
166494787263762
166179965931576
137285101375327
78020845101179
83824018565993
195591140363138
167899150841807
229314895704754
177961803170661
181449695050765
188374277446218
198007201097605
123102743742172
33720651359309
153689929807666
265890543230378
219294247128883
247025918667440
77914375466177
25374439608205
101346614701285
82823915459207
54810432037055
157714540684549
67131061683048
112393820556276
7885749952903
5653990117477
161121278033139
37796660485891
127791536035933
256559116961544
190477153965083
164527140624744
56374947597413
195758830586052
39178884921348
277405577489906
42030035911075
152975661029856
160349739967927
73745954853248
52212199773631
246126968139405
17230803283528
210474613885878
98510995567422
13642758825542
43835528926089
8390358048185
121658017069404
124190830516002
133672067000370
254988001334187
135976216017296
121932364971502
268849518690476
10181898745704
5445023812630
77139215007766
168406106190532
124376833897221
133709736897001
276887699419263
27121767559795
43772089210910
235799214631982
40349077799029
21014130206090
187904645811319
28349489104015
98153871889284
82887751327892
23588220068908
207984632084527
5827909373310
51126296137031
42163507511428
271232179247383
170304109299424
259059312053115
165876884193511
149658398431147
21673180636146
6848462909940
19322439629887
122847604269528
79947509842914
21205959854127
207552974352471
50693867386970
85127095472885
239527167625310
171023000139341
241424478630648
69258400426257
104287212957854
27613555067209
186359032426867
208571818517042
281214926169953
31637478134499
13925466101154
31647284959045
94877594709941
74577908619456
71450584031228
272918563875063
28857090135584
189534540118575
207055581387665
155743761628093
256855353989473
77853723084067
119262081570417
147408854672383
211786152198964
99200197516271
107959911641721
105296680359410
114326158165300
194988428470086
274763517074116
101758023155078
75419092170723
220186834896123
237423497382798
240475610815143
255844713520142
4318761727701
453409176992
237159519828542
183166321737855
45625514970875
150108784016834
147233374719156
165800375001401
157041228554932
235312894527080
128609779082392
41336890666495
169678671803128
202146759437772
230540815262027
234743419766028
215428765251679
236722338987468
149138240143057
264834665139159
158087518174261
268240651505925
257172682936106
200635917758112
130245053298533
36377752531008
185030740299359
195818932440260
166189672138719
86953894447002
238790065079292
71391367444330
62594723678956
13636037787174
211115777415811
64310079394536
203656963700773
260465629382982
154540434257148
92068376684537
76038131693556
56607517541549
265168330844715
263693170756585
213558442284335
78231945598963
121822022284719
122137185588950
114163893476414
839689808160
217078744985924
41787383428984
8978265677705
167424342195770
185252312329212
226742916716003
170737732345879
173674237858886
138022806955933
68422987946335
249822890026393
117656509996104
108068185848563
189978554533495
233577141828635
28955215269699
281358699139565
155502740642633
187941081051143
37766664635539
132296088658554
275698087559043
210241773744821
267136309129516
163452655767652
172356360642723
278995174914070
151218744598775
187214261018048
18038826947874
140026382281266
186974545118615
34526579708078
27891161435564
33603049365094
146549277372157
268662027822745
149376421030880
38099868539834
280423100839307
151030406767947
129100334851508
108246492181808
106304736851871
132000126338490
157077297199025
81604532995048
161882534716464
172979499310662
31000021194657
125208330250616
182334750980356
51826756839212
215261480122352
126085965896294
79571902546713
200074583209355
237612256227397
260407525669016
208887620824788
138097677793070
252555642015187
104835468447372
186861152350107
263494346408865
91861263146782
104316128794364
106461476177347
217512642582359
246597921451933
169056953357639
28894184628977
233221952256665
94385089687843
242296194399094
258287509878899
261188371645491
47103449918638
60398308826190
56963861543024
65324687124283
92160300126030
278684090384669
70243598206729
181700103126163
128910910254439
102710747886193
13894360806624
23656733700769
215468674745615
16984131194385
132726124106543
62631970661278
9842260537046
105602894638250
135672558063202
147223866401433
275610583604183
147184771890826
71768935415152
184895765913969
266649088427112
203087148494618
58083451245585
265199416999930
62698025384943
147040136811425
148731885764109
68227272016550
117750575949420
272517890243457
84315016738578
90312584456569
260107056448085
238140834382681
114232799327952
76323320486455
41915689828522
140308476161599
260474980910988
53775935316870
11963488813395
216083006860733
200409468890019
4872377994599
69063749712713
247079495275469
25877924634698
170639877109332
82388324933480
165820666334626
186264538025669
140654417754227
122056913254320
70954412058953
179924996935474
113217041379119
103615279564287
42977889404839
173911486974033
119220598096598
54133390651862
263209425980822
224201643518802
123418508097865
245637052255438
13341865847382
252473421327389
2848452909724
127323922248472
108629620989264
94382381608581
234877123219982
111087281523140
6764545117500
50615866703230
89086837214183
47487517534854
64794502687096
278874113427200
81958102517796
61804183111429
58436707611365
271566854817293
115774885819258
87416698314788
278583089980367
189912441473712
253179950731318
218854005333005
55429453677251
54349659057616
161246623817422
39859212270653
225963432508603
218631968397746
17300707894075
108228546272901
261024310986293
154374317668094
152498759941099
8506622971061
228243709773062
206098278429431
236363199920250
216772645979738
29502501933922
60642180615706
155062323999935
25994709917320
254237578967012
109606755461853
159207778053569
40855202191211
280226820132834
93861709145628
187753138563847
240264296950103
230921344220095
147447746561726
110917947978347
179014531628686
138947264048854
86993720854736
238380024766530
58116338947059
69362981937704
8182275626387
245250324387634
84084154258757
166613837210607
46007475219932
157367530815356
154334267834135
79743547384293
206680067288812
114214016429608
175414092976379
17940305734230
260422823721007
69679695287323
186989905137966
94831046241246
138628175619414
46054780022619
203370040995448
187277625520757
3397188526463
162308485177169
34061729609944
24376365478452
81929700713064
94540129638
219916546201022
181366778310761
236261470013477
153194751486837
81108557201623
130192472924066
57498389741502
34635396107578
40031253520701
155291272094674
18377713565591
65966654385627
244609759579541
1823375995332
150115239364117
254515955483408
139357651916514
151708512201851
168795391406938
70279066510907
81336781954375
13391647595723
151440152964441
229992305054087
266462784071872
177444186486934
110088077383808
161243319623460
147577404224675
42967637040073
142040267497068
218670784302611
106734742732056
277712717232334
64194885238221
29058328385099
67195569210823
13374065971037
172146899891965
185266614619057
261355052032545
226469714915217
102023980558216
82684905073127
272815293291420
162037862354059
220170534349309
224591399021304
275096352082841
235192843331811
87439892756123
220221659159089
29703168395571
78970398419516
270631867765305
106679285421132
31174795106143
139016853071807
133537375559463
244644082750935
136309598592476
13520190092359
68135246905857
56561625343245
241447641810338
231460364119397
251520065971729
175096505435276
13731533558204
78567395160924
278189916679111
171187628020898
116143474144833
278759517785936
276717883061430
162486001927260
240820507957783
11696936474335
90710377840025
192064008675688
272582880195869
75253902186768
74101256811186
222069686060396
179736085425263
81758934954034
32630959770982
77986249032061
274896430047633
224809822769399
72540437343415
153912026243545
132278522738556
162967474569258
209532361787706
171527543179314
60726999907126
85557864108851
179224589591991
129983648982467
159799699697865
235718885606316
137769310079557
264185359076822
185724223951797
225766024014202
101412848487654
181074326707978
130965281151477
16577125845311
78287512971830
276740862014043
30877230835094
159587421395941
278845043046145
32715612562951
168485835616529
215699105417769
51071678865631
92306895246210
88708629393804
177799644480085
18312093500295
109600729649110
281371613292061
180930143202741
162288978849623
44000181946297
277863891928773
94607474700582
58758767739495
226483911496957
274651938576601
163899310334327
122021487085959
5731526233663
154845107399918
87977612669828
48033461467938
78219378647695
56767874129949
224373668217147
2338995246360
202446355181822
909228286295
53500689310764
101434154350428
254040193681092
215710252241752
196178606257799
91489101412509
112560770016891
16570970457988
152472414012919
46038623865449
100068873503918
11476312692324
2705453611532
112846838549605
208636144306381
14437573114574
123573310233403
679318839180
66509091253862
197356005243921
201955522121142
155211219806739
218392736394568
43139429087542
164340258845295
36705809653974
158894825450222
41614783667283
160937989241804
204106188711740
161829005602827
79122473913932
212261954674850
47082798718490
268507754818107
255050798184945
13567495273617
251381518434095
25549780811999
107441418482007
129233740617748
278948728078099
151646957233895
34059213337225
40361307316997
54702574099654
137278077080624
55026796891558
138066410622450
132251365214173
194828910365209
259594766793970
224412811724005
101302734394255
241194626258056
255924175920008
94878973678975
229883806878766
228964577980549
16403978637827
166660491619470
65902549367568
38387122391272
256462819804070
40780539858764
80370504393162
15967985694343
10989162244575
266579155790272
27545752960221
35788192713216
14461711629200
60697351452203
208504901439831
165925813901498
233742365138975
277775853448412
238093301564416
130325835301583
149025644171815
177881361933962
25229003524767
147707187933905
222431597164654
62531839322779
124419062052797
210296446608214
264684983504141
201332539907115
146518096783220
265389182164143
66911591063375
130718745319771
127450144444154
110352333167342
94939262850259
32515243845148
202490420919824
259181578129647
191120987744499
267657178776902
95941261876840
137209262910948
162807447315394
211188795922889
193278533180864
228840796381247
18979025009562
200169574082169
115840306228783
106840876641353
251079205853280
180109882892742
94155077945772
54081137714693
194316573805069
244504579023406
168952058966601
7266452308387
275860547596092
92598624202253
178790886817635
112321227985654
174383098793669
74130510536246
174280420226661
276809304826053
35317304208745
161944630359171
137307892934939
162999443037404
216243445902415
101377379245773
82397422400709
242019379741264
15859651179173
161490816705433
142380101552013
201159890307364
50436021141130
172982903087981
265511922349198
97403721857281
272949389849642
37343656244843
111132626354600
93900776432799
209840087570006
262663010179745
271408047395343
130331129267126
176881236223690
85680409645249
96609546028560
32717198288672
267156777178875
149590554238078
26335104027654
31428741363167
57329719424159
65826268364959
191336332956251
207080634171381
34286122378511
203212861237085
82376784184441
10630328318539
2514690267598
233524160744195
193738660804313
224359600417813
217245602237693
98199991790664
47447699028963
276515069371116
35051992989971
212177577791193
77901784793719
55547693335868
240553154251476
185899904014019
46567691805773
25113590779182
59736758123850
103902842557522
82764387524613
25474350566725
163375847173003
62219879404691
56770342713576
129223472324190
254982324963622
56255382866521
26852947525898
229860915341462
122167628675032
97579731788904
221104559585942
113474985356492
120821847292635
176545382899129
261106823390480
214501934611839
266515251279817
57736380210581
173650602386026
186354573192456
154784742141335
212858091985655
9246461417519
245391907902000
141867139011523
204141306440210
213593239166113
244917246398023
198825067769689
243884257922758
46406411403348
266317824410140
133276561603229
142897940978115
228696427660190
237295772345433
187364218608750
159080946627277
278877340075303
54589694583353
85759982319164
268937181197091
174462976994462
169071418373376
54233924301826
105385085212087
170614574096963
277221945516847
121755075436454
158894141657476
210606516365958
212055411779973
198064544167213
5663341596364
274981574863604
182849634643286
243293537041232
180263318984950
14141538982006
223335718145761
258104641430149
134556854428602
233948074358723
219491801068196
144930836579543
264752639403762
261356825232851
76562361861275
233811780672518
153363216611593
1215720871043
208484372076797
112774133747048
151702033862523
28311302663320
90421580009851
100973746080678
276553690150994
59516955737863
139296055423194
133299884431690
179851656422023
255489685716275
178751291964465
280376723956072
212913374351284
59149510288125
206806141531373
78909861625829
135371822739022
84486655565844
250291806248467
221612742081126
61883251298
71763578741259
87133013097775
83126913729054
12676492145083
99829287259920
141495170461224
134821653869984
48429482908803
201871059815373
222830702446546
32291865467878
164321241380065
176629986377591
220923962752285
240733112297027
57145678576571
218172161922481
171444744600608
191891298742951
253756625108540
70301242169030
238946081156092
57163200565556
159892841068618
23420047519834
63679069151205
217048438215018
278011098221081
155189281890484
206977890421351
172313472840623
265640748497186
22810301390828
76461184041201
34583178619215
225185196873855
11178860847719
219133861051221
129584681606052
251786618426092
87313781530788
179209881879626
179934235006597
22299140272470
126564210322630
15650774026305
264045241683646
194926547921109
231495177342072
240290940577801
224881875847626
162279111658820
118936069913854
256810599326925
109209685923278
150492977846237
170567600052481
262932595229170
242681801708812
243269918961887
43696160871914
273108407902473
95756401653918
266325739180152
251565176732886
41035282305615
230759343518256
230780945675826
278433882622683
271960071403893
85792310012478
106630624443853
210313451396090
169283727170674
52220576997166
22997565492497
228582983861073
233687238559825
39746292721156
133003277498867
158233012786800
17814915759441
121729729212993
150178219125516
100704357272205
104814686895365
125641556835230
119311243793278
238799352528010
257553781192746
59034666705920
99231679324373
225950218740502
120478269625715
48534448222607
132198429303338
20068386667852
4858294017908
272535557774265
263713228280319
178084133409570
114687516902095
279168436349047
107814962941721
63017268289484
166758703557833
34335744480647
27176351867005
99055073888557
151337576328644
274877871200682
213754253298168
117558368122031
93853748608308
145013077083873
266522135224900
240877964590703
258886588203600
198344547819208
265590493234377
136925601241631
3773823628170
186087459329520
175164696886942
272389967013677
202658089343453
167640696206985
135495639345401
212764795440908
47853669123269
10118497971118
146354703125935
98495005116366
62367680953398
279862825751816
174061812593778
134619545270543
261555153762532
158655074639281
226624036691866
165283360441383
250310741083865
203775057947273
106898489804105
100189882948881
8140802845698
87198637249109
279426105628678
163426303573063
269971815456698
215285835285837
115354041745343
146544371430151
268829591157003
212485516722980
258773398571941
159067594768422
38263710656900
171623852699187
161216794756296
171232360690175
109922106969488
173270124699241
228551093987595
257500148895630
147438179972307
38225776882754
193677632151339
173077853181871
183431779750941
211772709583007
264937499102382
214700261805011
5348679516348
239424723672960
193802548894825
174108811471168
213967574117516
245232179302855
18876075784784
77774777114549
144453423887161
53959622899794
242218640172488
174322438275076
210884335668874
67946261145507
205632049648472
11853568010372
87173072232008
106802673876265
112011356643669
144146843321371
208471686205733
240539306916942
72030812800962
212457213163485
136217628664463
108352471321284
29296012685253
161164723294771
117591263939522
148368665611039
152311797923157
60241646349611
170101936913404
249201662384251
172738860705049
91822346802975
49063390557130
10373939624167
279914162905280
255669322664048
191968958164685
226653693462812
258021888480289
89511345041122
50410673430637
124650563277853
26122176254609
164457756605463
166827738717816
273536748680711
274694457638968
6979338524559
111204050413316
215661837315364
83202153334134
189308433768922
107403711309531
144773693127157
103580058399003
184032615905866
126854527067945
187165184654067
245780179055172
17135945585612
69149580523452
141133874820649
200130002876606
188108409241093
218342796414740
169051925600018
48392611927034
264846687207756
117412435067383
164990106042125
3903836360215
210640826663172
230607262439943
259479299873297
186910613199261
18231921816195
89576155575556
227481722340949
176494090318879
9440105891117
129419610268494
189148435620103
142570770534766
32519461969682
43842279430716
141669088018368
212683468864415
107223588671302
160231195509833
171417303624287
128304163682824
274175164534455
27832464776926
147920867708667
72895894223594
261926364361583
197144459898124
4154277138712
113626468816444
258581604738150
156357784629238
16788603907357
115447500324266
259350758166502
157943756631554
35177507660324
86629632177068
79352250810105
9181151650525
53185802299500
65932680949869
59881544446192
153737359382254
150721093060633
105587374506897
21488332484649
104512971634961
70628548786603
237621722557837
69874710802930
262125959143916
237883185132890
222694140413545
10472655411788
75732573815776
72195106141043
227733999764166
45353171442350
116012470315680
121766727815048
208588880963510
157563884807804
76850828670536
218158393175051
88963241636646
72390416340195
233356196798900
120613583671765
104124393488040
133783076667158
60856972128721
266818996398822
18057097544538
91584399490111
89632634090157
272949448533722
54317226193385
47133696324692
163839991465585
251573207158573
262143306680219
186046505327713
166477496213761
186657107971824
161007718266465
32279146196834
58575875532899
3594375185188
231467265604981
179147045388248
7920583305777
97325492720914
35841258866211
10525958643023
28436693144429
12170469186518
227529132595447
56242947961651
181901559031860
107065171012472
120108513606820
91157433291983
23286203213731
126812488794508
75013403988744
9684070973285
175115722248435
78745226172400
245748670707113
156790176362206
226457226052208
232108658009363
74048322017235
199392859635380
194651771007486
233215861302773
157866530155698
76896099950113
110747057770946
234774796682169
22042196676795
29853164424950
46477171809721
106435625934479
105056421959301
159122812167106
29102817143795
174891045981242
99767928167530
100863217694697
234205641474779
231397415710427
268639772130366
18324336955637
58216375409439
176044979462734
237687710551529
126894667015036
217904330217082
203097280009215
31198803854803
233616280673947
161588013739787
120817022729344
38252950623630
99328488119988
53090053022612
41900318232823
34949252050016
189616134452604
46111721990518
19118424878674
126066540993816
227750711363922
205599544480497
63278332502701
211642632838666
4292848680998
67504465582741
220094018580562
170784762992824
143695528512857
194205299845624
4605716088217
60684212701242
277041247552655
58928001214798
19596118253387
280485040453339
18649826151884
164050948184101
223136754760235
128924121180047
253160415676477
77059325035492
151259351046012
97593156486774
28028093318611
214955098949803
258923533387509
5505866354775
33610281848317
240810492494732
23919683338631
73553726965840
164571396370378
221516727851441
270098556689671
51333834164948
92465107706039
141026502908103
219635103948280
114936380729148
173647848811450
234413044803922
102791831925909
160107914185676
276124194679442
84605976327991
257648415042385
268816219632801
70719152417289
15090589149708
216198188631681
86177668595605
34789229060538
51120445761180
91796126393577
266451533590110
73058009820084
215471042861157
131792993364417
204302784932357
40291095249623
117535351506316
34312047317591